This is a compilation of data that was not included in the report
Simply for the fact it would have clobbered the report



AVERAGE RESIDENCES BY ZIP
   Zip Code  Average Residences 2022
0     2108.0                96.000000
1     2109.0                77.000000
2     2110.0                10.500000
3     2111.0                49.920000
4     2113.0                31.333333
5     2114.0                58.727273
6     2115.0                84.542857
7     2116.0                74.281250
8     2118.0                54.432432
9     2119.0                36.497175
10    2120.0                42.000000
11    2121.0                34.007407
12    2122.0                15.295455
13    2124.0                21.958084
14    2125.0                23.650943
15    2126.0                31.981132
16    2127.0                35.028571
17    2128.0                27.339806
18    2129.0                66.805556
19    2130.0                40.219512
20    2131.0                45.000000
21    2132.0                29.777778
22    2134.0                35.515152
23    2135.0                71.711111
24    2136.0                50.230769
25    2199.0                38.000000
26    2210.0                28.166667
27    2215.0                35.181818


